31 Jan 2019
Playing with the number of lines that are buffered.
lines  time %cpu maxresident
10 387 67 12748
25 241 103 12532
40 230 104 12476
40 231 103 12264
45 236 100 12160
45 245  96 12020
48 237 103 11936
48 240 101 12072
50 235 105 12248
50 223 106 12308
500 178 133 14536
500 177 134 14560

--------------------
Add buffering
....   bufsiz
48 222 115 12464 1
48 223 115 12328 1
50 223 115 12204 1
50 223 115 12196 1
50 203 125 12192 2
50 201 126 11948 2
50 190 131 14060 3
50 190 132 12296 3
50 176 139 14624 5
50 176 140 14108 5
60 178 136 12652 3
60 179 136 12556 3

-------------------- two readers (-r 2)
60 157 245 13168 3
60 157 244 16372 3
-------------------- four readers (-r 4)
60 64 357 14564 3
60 65 352 14384 3

